10 109
10 146
10 17
10 28
10 32
10 356
10 378
10 426
10 434
10 520
10 552
10 6
10 612
10 625
10 643
10 652
10 73
10 785
10 807
10 824
10 853
10 886
10 89
10 934
11 292
11 456
11 594
11 637
11 656
11 86
11 865
250 17
250 50
261 108
50 170
50 210
50 235
50 324
50 368
50 401
50 464
50 490
50 499
50 69
50 882
50 883
50 908
50 920
50 933
50 944
51 168
51 2
51 436
51 562
51 592
51 606
51 680
51 682
51 729
51 752
51 796
51 799
51 914
51 959
52 130
52 166
52 172
52 186
52 222
52 418
52 494
52 516
52 584
52 590
52 660
52 661
52 698
52 854
52 859
52 886
52 927
52 970
53 193
53 211
53 407
53 480
53 510
53 532
53 534
53 567
53 568
53 7
53 816
53 836
53 848
53 902
53 932
54 143
54 173
54 230
54 290
54 37
54 370
54 470
54 476
54 572
54 586
54 730
54 78
54 837
55 149
55 272
55 305
55 363
55 462
55 500
55 541
55 587
55 656
55 680
55 714
55 716
55 717
55 720
55 794
55 946
55 969
56 126
56 160
56 244
56 324
56 372
56 396
56 430
56 454
56 584
56 589
56 642
56 662
56 690
56 71
56 739
56 756
56 842
56 870
56 890
56 969
57 12
57 149
57 23
57 304
57 340
57 42
57 425
57 427
57 472
57 552
57 604
58 13
58 282
58 327
58 37
58 44
58 529
58 531
58 561
58 630
58 635
58 641
58 748
58 945
58 971
58 972
59 190
59 205
59 246
59 328
59 422
59 496
59 522
59 533
59 577
59 594
59 634
59 84
59 845
59 859
59 89
59 920
60 114
60 124
60 131
60 139
60 163
60 188
60 429
60 442
60 449
60 473
60 479
60 519
60 534
60 548
60 614
60 673
60 74
60 740
60 764
60 810
60 930
60 935
61 192
61 2
61 228
61 26
61 315
61 376
61 434
61 510
61 625
61 630
61 753
61 758
61 776
61 808
61 890
61 954
61 955
61 956
61 98
62 113
62 165
62 173
62 176
62 233
62 238
62 251
62 278
62 40
62 478
62 480
62 507
62 514
62 636
62 668
62 88
75 107
75 150
75 384
75 540
75 568
75 585
75 596
75 6
75 730
75 766
75 790
75 849
75 882
75 884
75 900
76 362
76 436
76 443
76 536
76 60
76 755
76 800
76 802
76 824
76 830
76 856
76 870
76 876
76 942
77 228
77 268
77 382
77 386
77 515
77 620
77 856
77 886
77 918
77 932
77 939
77 966
