2 634
3 615
5 1225
5 1229
7 773
9 542
9 911
11 1113
11 1276
12 802
15 612
24 960
24 1148
25 107
25 473
25 914
25 977
25 979
25 1064
25 1066
25 1148
26 884
27 430
27 433
27 727
27 884
27 1149
29 685
29 791
31 483
31 755
32 892
33 762
35 998
35 1273
36 821
36 1104
37 544
37 549
37 554
37 1105
39 258
39 617
40 1129
40 1295
41 591
43 719
43 720
45 923
45 1208
45 1212
48 1203
48 1204
51 1060
51 1063
51 1120
52 1063
59 797
60 724
66 1113
67 568
68 767
70 958
71 360
71 898
71 1241
72 297
72 301
73 775
73 919
74 918
75 918
76 1188
78 933
79 717
79 720
79 835
79 837
79 935
79 1089
79 1163
79 1223
79 1286
79 1287
79 1290
80 835
80 836
80 862
80 865
81 1277
84 970
84 1160
85 1160
94 775
94 777
95 754
95 769
95 772
96 1232
97 947
98 945
101 399
101 401
101 462
101 995
105 1249
105 1252
111 1241
112 798
112 1278
112 1280
113 1279
114 1143
115 460
115 625
116 757
117 474
117 475
119 975
119 1135
120 989
120 991
121 706
121 988
121 991
121 1026
123 987
124 683
127 1151
128 1153
129 1009
129 1152
131 587
131 590
131 856
131 1149
132 972
133 1072
133 1261
135 691
137 1295
138 1025
138 1222
141 1097
142 1292
143 496
143 950
144 495
144 969
147 1108
147 1111
150 1066
151 694
151 1175
159 934
163 393
163 964
165 770
168 852
169 853
169 1295
171 820
174 574
174 880
179 1072
181 470
181 496
183 454
183 860
183 1081
183 1174
184 1041
185 587
186 1035
187 617
188 904
189 1131
190 984
190 1118
193 989
195 668
195 1109
197 642
197 687
199 1046
203 806
203 1128
209 1234
211 1219
212 852
212 856
213 1106
213 1251
213 1252
214 1105
215 347
215 1234
215 1236
216 670
216 960
216 1235
217 1061
218 612
219 942
226 1166
227 609
227 940
227 1098
227 1167
229 658
229 1266
229 1270
230 686
230 839
231 1235
233 1026
235 658
235 1026
235 1268
237 300
237 1089
237 1196
239 167
241 517
243 753
243 757
243 1146
243 1178
244 753
244 1078
246 704
247 1071
248 796
257 678
257 768
260 1129
263 1031
263 1145
264 820
264 1088
265 562
265 659
265 1287
266 1069
266 1070
269 1116
271 494
271 534
271 535
272 535
273 941
274 655
275 1266
276 554
277 986
278 176
283 1202
283 1270
283 1273
287 831
287 1165
291 800
299 1009
300 923
301 924
306 405
307 848
307 1105
307 1245
309 764
309 1199
311 1113
311 1217
313 898
313 1219
314 897
314 1094
314 1219
315 1093
316 1093
318 718
319 875
319 877
319 879
321 1103
321 1260
325 1267
327 1079
332 939
333 1016
339 947
340 165
340 955
340 1250
341 934
341 956
344 872
351 855
351 887
351 926
351 928
352 1107
352 1184
352 1239
353 863
354 1207
354 1211
355 1210
356 682
356 1238
359 757
359 1111
360 232
362 995
363 464
364 1020
367 199
368 866
369 1142
371 1032
372 1107
373 1101
379 805
381 1029
381 1033
381 1041
381 1281
382 1034
388 132
398 1111
399 1038
399 1110
401 500
401 1162
402 914
403 353
403 545
404 1015
404 1132
404 1188
405 244
405 909
405 911
406 908
408 878
409 877
409 878
411 826
411 988
411 989
411 1206
415 1027
415 1029
416 935
416 980
416 1200
417 981
419 708
419 842
420 1041
421 1263
427 881
428 972
431 958
431 975
432 1205
433 1127
436 1125
437 1059
437 1126
438 1133
439 927
444 14
445 890
445 973
446 1063
446 1156
447 978
448 325
448 734
449 391
449 991
451 991
451 993
453 751
455 243
457 1201
457 1205
457 1237
457 1240
459 909
459 1001
462 672
462 1089
463 671
465 849
465 1097
467 770
467 1163
468 1164
470 964
471 579
471 580
471 1041
475 963
475 1023
480 1139
491 737
491 1071
493 563
493 1159
494 203
495 875
495 1140
497 1073
499 918
502 953
503 770
503 954
503 1173
506 1177
511 546
511 695
511 1235
514 1014
515 1215
516 520
517 1196
517 1199
520 1211
520 1212
521 924
525 1206
526 1062
527 598
529 689
530 1243
533 59
540 1052
541 945
542 944
543 1033
543 1193
547 123
547 167
547 170
547 1195
549 213
549 1032
555 96
557 991
559 163
567 1215
569 1095
571 455
571 913
572 1145
572 1149
573 1030
575 1027
575 1174
586 442
586 1152
586 1185
587 1155
587 1253
589 468
589 1106
591 1128
593 859
595 572
595 1163
597 1205
598 1189
599 1204
601 1163
602 1130
602 1164
602 1196
605 129
605 721
607 1137
607 1192
608 135
610 1092
610 1166
611 763
617 192
617 1032
623 774
637 181
637 186
653 155
653 931
653 1087
653 1102
657 838
657 1086
657 1090
658 1089
660 1206
661 1198
661 1201
663 1190
665 800
665 1115
666 1251
666 1255
669 881
679 1245
681 861
681 1143
684 1039
685 1258
686 1062
693 610
697 649
697 1213
701 105
703 509
709 580
709 1122
711 934
711 1073
725 319
727 306
728 1060
728 1264
728 1267
730 1268
730 1276
731 1140
732 1127
735 246
736 1170
737 265
739 602
741 987
742 1261
742 1267
743 1171
743 1268
745 924
747 954
747 1229
747 1230
747 1290
751 1191
753 1275
753 1294
753 1295
754 1280
761 1030
763 156
765 987
767 1230
774 960
774 1103
774 1290
775 652
775 653
775 1176
777 239
779 232
779 864
780 864
787 769
787 1266
791 1178
791 1182
792 1179
794 254
797 753
797 1060
801 147
801 1018
801 1207
801 1235
801 1260
804 295
807 741
813 472
813 759
814 983
821 220
821 1177
822 346
822 347
822 349
823 5
823 9
823 349
825 666
827 361
827 1145
829 264
834 130
834 429
835 382
835 805
837 128
837 146
837 416
837 824
842 1060
843 359
844 1232
845 36
845 40
845 1231
848 429
854 770
857 350
862 844
866 829
868 1099
869 946
870 945
871 319
873 1141
874 1023
875 810
875 812
875 1227
875 1260
875 1291
877 1094
878 817
879 1293
880 68
880 473
880 503
880 1120
881 855
881 1261
881 1285
883 524
883 764
883 841
883 1108
884 825
885 314
887 582
887 677
887 1231
889 1280
889 1282
890 527
891 764
891 782
892 937
893 877
893 880
896 74
897 686
898 171
899 290
901 692
903 1076
916 314
916 412
917 1124
918 1170
919 412
919 555
919 652
920 1189
921 476
922 240
925 121
925 252
925 1030
925 1031
925 1294
926 1093
928 448
929 286
929 289
929 888
929 956
929 1156
931 61
931 1126
931 1281
931 1284
932 446
932 579
932 774
932 1125
932 1294
933 580
933 699
933 704
935 620
935 1019
935 1197
939 463
939 476
939 1284
940 1109
941 107
941 110
942 50
943 50
943 474
943 475
943 804
946 469
947 640
951 593
951 669
951 688
951 1220
953 516
955 472
957 373
958 283
959 282
960 511
960 514
960 1225
960 1227
961 506
961 614
962 1110
963 736
963 871
964 425
964 428
965 462
965 813
967 27
967 471
967 985
968 1143
