10 853
53 568
10 6
53 193
52 155
51 914
51 2
53 72
52 418
51 295
52 222
51 450
10 17
51 136
10 29
50 912
54 78
54 476
10 312
52 584
52 590
10 886
10 28
51 645
50 324
51 682
.DS Store
53 397
54 665
10 934
53 7
11 86
53 816
50 686
51 456
50 490
50 486
50 860
52 540
11 660
50 33
51 736
11 259
52 186
54 470
54 458
51 680
52 970
10 824
50 392
10 373
50 69
53 480
54 173
52 123
54 172
50 797
54 370
50 807
54 576
51 627
10 89
51 141
53 534
50 805
51 592
50 583
51 752
50 964
50 804
51 168
10 88
10 73
54 565
50 800
53 848
52 859
54 37
51 959
52 130
51 384
50 801
54 216
50 368
53 532
10 612
54 572
50 803
52 494
52 319
54 604
52 669
54 837
51 796
50 235
50 802
51 436
51 350
53 902
51 146
54 230
54 542
10 434
52 498
11 592
50 210
52 472
51 348
53 932
10 145
50 401
51 606
52 921
11 630
51 389
52 538
50 944
51 799
52 854
52 698
53 879
10 378
50 170
10 146
10 807
50 372
53 510
50 148
10 426
50 799
52 449
10 552
11 594
53 458
52 886
50 559
50 798
50 940
50 808
54 586
50 607
10 625
52 927
52 516
51 562
54 143
52 890
52 660
52 661
10 785
10 236
51 563
50 764
10 356
11 637
52 701
54 290
52 362
54 99
52 940
52 968
10 332
53 760
10 520
50 933
50 846
53 211
10 643
54 735
51 648
10 109
53 567
11 865
11 656
53 836
52 166
53 407
52 172
51 729
10 242
51 488
50 658
50 880
10 652
50 499
54 730
50 328
50 464
10 32
50 882
50 504
11 292
50 908
50 920
51 474
51 448
50 883
11 456
51 886
