51 647
50 454
50 332
51 121
50 326
51 135
50 440
50 468
51 89
51 109
51 684
50 497
51 76
10 106
10 112
51 62
51 848
51 690
10 16
50 130
50 656
51 445
50 642
51 451
50 124
51 479
10 489
50 118
10 304
50 695
51 486
10 462
10 476
50 681
51 492
50 859
10 310
10 338
50 871
50 865
51 257
51 531
50 722
51 525
50 736
51 243
51 519
10 270
51 294
50 939
10 502
51 280
10 264
50 22
50 905
50 911
10 258
50 36
50 520
51 733
50 246
50 252
50 534
51 727
50 508
50 285
50 291
51 3
50 290
50 284
50 509
50 253
50 535
51 732
50 521
50 247
50 910
50 37
10 259
50 23
50 904
10 503
10 265
51 281
10 271
50 938
51 518
50 737
51 524
51 242
51 256
50 723
51 530
50 864
10 7
10 339
50 870
50 858
51 493
50 680
10 477
10 311
10 305
10 463
51 487
50 694
50 119
51 478
50 643
50 125
50 131
51 444
50 657
51 63
10 113
50 482
51 691
51 849
50 496
51 685
10 107
51 77
51 108
50 469
51 88
51 134
50 327
50 441
51 652
50 455
51 646
51 120
50 333
51 650
50 443
50 325
50 331
51 122
50 457
50 319
51 678
51 693
50 480
10 111
51 61
51 75
10 105
51 687
50 494
10 139
51 49
10 15
50 127
50 899
50 641
51 452
50 655
51 446
51 320
50 133
51 308
50 669
10 313
10 475
50 682
51 491
50 696
51 485
10 461
10 307
10 5
50 866
50 872
51 240
51 526
50 735
51 532
50 721
51 254
10 298
50 709
51 268
51 283
10 267
10 501
10 273
50 35
50 906
50 21
50 537
51 724
50 251
50 245
50 523
51 730
51 718
50 279
50 292
50 286
50 287
50 293
50 278
51 719
50 244
51 731
50 522
51 725
50 536
50 250
50 907
50 20
50 34
50 913
51 296
10 272
10 266
51 282
10 500
51 269
10 299
50 708
50 720
51 533
51 255
50 734
51 527
50 873
10 4
10 448
50 867
51 484
50 697
10 306
51 490
50 683
50 668
51 309
50 654
50 132
50 126
51 453
50 640
50 898
51 48
10 138
10 14
10 104
51 74
50 495
51 686
50 481
51 692
51 60
10 110
51 679
50 318
51 123
50 330
50 456
50 442
51 651
51 137
51 669
50 308
51 133
50 320
50 446
51 655
50 452
51 641
51 127
50 334
51 58
10 128
10 10
10 114
51 64
10 38
50 485
51 696
50 491
51 70
10 100
50 678
51 319
51 457
50 644
50 122
50 136
50 888
51 443
50 650
50 863
10 458
50 877
10 470
51 494
50 687
10 316
10 302
51 480
50 693
10 464
51 279
50 718
50 730
51 523
51 245
51 251
50 724
51 537
50 917
50 30
50 24
50 903
10 504
51 286
10 262
10 276
50 18
10 510
.DS Store
51 709
50 254
51 721
50 532
51 735
50 526
50 240
51 4
50 297
50 283
50 282
50 296
51 5
50 527
51 734
50 241
50 255
50 533
51 720
51 708
51 293
50 19
10 277
10 511
10 505
10 263
51 287
50 25
50 916
50 31
51 250
51 536
51 522
50 731
51 244
10 288
50 719
51 278
10 303
10 465
50 692
51 481
51 495
10 471
10 317
50 876
10 459
50 862
10 1
50 137
50 651
51 442
50 889
50 645
50 123
51 318
50 679
51 683
10 101
51 71
51 65
10 115
51 697
50 484
10 11
10 129
51 59
51 640
50 453
50 335
51 126
50 321
51 132
51 654
50 447
50 309
51 668
51 118
50 479
51 98
51 124
50 337
50 451
51 642
50 445
51 656
51 130
50 323
10 13
51 73
10 103
50 492
51 681
51 695
10 117
51 67
10 498
50 109
51 468
51 440
50 653
50 135
50 121
51 454
50 647
50 874
10 329
10 3
51 483
50 690
50 848
10 467
10 301
10 315
10 473
51 497
50 684
51 508
50 727
51 252
51 246
50 733
51 520
50 900
50 27
10 249
10 513
10 275
51 291
51 285
10 261
10 507
50 519
50 243
50 525
51 722
50 531
50 257
51 7
50 280
50 294
50 295
50 281
51 6
50 530
51 723
50 256
50 242
50 524
51 737
50 518
10 260
51 284
50 929
10 506
10 512
51 290
10 274
50 32
50 915
50 901
10 248
50 26
51 247
51 521
50 732
50 726
51 253
51 509
10 314
50 685
51 496
10 472
10 466
50 849
50 691
51 482
10 300
10 2
10 328
50 861
50 875
50 120
50 646
51 455
50 652
51 441
50 134
51 469
10 499
50 108
51 694
50 487
51 66
10 116
10 102
51 72
50 493
10 12
51 657
50 444
50 322
51 131
50 336
51 125
51 643
50 450
50 478
51 99
51 119
50 351
51 142
51 624
50 437
51 630
50 423
50 345
51 156
51 618
50 379
10 165
51 181
51 15
10 49
50 386
51 195
10 171
51 29
10 159
10 75
51 817
10 61
50 1
50 635
51 426
51 340
50 153
51 354
50 621
51 432
50 609
10 398
51 368
10 401
51 383
50 190
10 367
51 397
50 184
10 415
50 812
10 429
51 552
50 741
51 234
51 220
51 546
50 755
51 208
50 82
50 769
51 591
50 782
10 213
10 207
51 585
50 796
50 966
50 41
50 55
50 972
50 225
50 543
51 750
50 557
51 744
50 231
50 219
51 778
50 580
51 793
50 594
51 787
51 786
50 595
51 792
50 581
51 779
50 218
51 745
50 556
50 230
50 224
51 751
50 542
50 54
50 967
50 40
50 68
10 206
51 584
50 783
51 590
10 212
50 768
50 83
51 209
51 221
50 754
51 547
50 740
51 553
51 235
10 428
50 813
50 185
51 396
10 372
10 414
10 400
10 366
50 191
51 382
51 369
50 608
10 399
51 355
51 433
50 620
51 427
50 634
50 152
51 341
51 816
10 158
51 28
10 74
51 802
10 170
51 14
51 180
50 393
10 164
10 48
50 378
51 619
50 422
51 631
51 157
50 344
51 143
50 350
50 436
51 625
50 346
51 155
51 633
50 420
50 434
50 352
51 169
50 408
10 199
50 385
51 196
51 828
10 166
50 391
51 182
51 16
50 2
10 62
51 814
10 76
51 800
50 622
51 357
50 144
51 343
50 150
50 636
51 425
50 178
51 419
50 839
10 416
10 370
51 394
50 187
51 380
50 193
10 364
10 402
10 358
50 811
51 545
50 756
51 223
51 237
51 551
50 742
51 579
50 81
51 586
50 795
10 204
10 210
50 959
50 781
50 971
50 56
10 238
50 42
50 965
50 232
50 554
51 747
50 540
50 226
50 568
51 790
51 791
50 582
51 785
50 596
50 569
50 541
50 227
50 233
51 746
50 555
50 43
50 970
10 239
50 57
10 211
50 780
51 593
50 958
50 794
51 587
10 205
50 80
51 578
51 236
50 743
51 550
50 757
51 544
51 222
10 359
50 810
10 365
50 192
51 381
10 403
10 417
50 838
50 186
51 395
10 371
51 418
50 179
50 151
51 342
51 424
50 637
51 430
50 623
50 145
51 356
51 801
10 77
50 3
51 815
10 63
51 17
51 183
50 390
10 167
10 173
51 197
50 384
51 829
50 409
10 198
50 435
51 626
51 140
50 353
51 154
50 347
50 421
51 632
50 419
10 188
51 178
51 636
10 98
51 150
50 343
51 144
50 357
50 431
51 622
10 67
51 811
50 7
51 805
51 193
50 380
10 177
10 163
51 187
50 394
51 13
51 839
51 408
50 169
51 352
51 434
50 627
51 420
50 633
50 155
51 346
10 349
50 814
10 375
50 182
51 391
10 413
10 407
50 828
50 196
51 385
10 361
51 568
50 84
51 226
50 753
50 747
51 554
51 232
50 53
50 960
50 47
10 201
50 948
50 790
51 583
51 597
10 215
50 579
51 742
50 551
50 237
50 223
51 756
50 545
51 781
51 795
50 586
50 587
51 794
50 593
51 780
50 222
50 544
51 757
50 550
51 743
50 236
50 578
51 596
50 785
10 214
10 200
51 582
50 791
50 949
50 961
50 46
10 228
50 52
51 555
50 746
51 233
51 227
51 541
50 752
51 569
50 85
50 829
10 406
10 360
50 197
51 390
50 183
10 374
10 412
50 815
10 348
50 632
51 421
51 347
50 154
50 626
51 435
50 168
51 409
51 12
50 395
51 186
10 162
51 838
10 176
50 381
51 192
51 804
51 810
10 66
50 6
50 356
51 145
51 623
50 430
10 99
51 637
50 424
50 342
51 151
51 179
50 418
10 189
51 609
50 432
51 621
51 147
50 354
51 153
50 340
50 426
51 635
51 806
10 70
50 4
10 148
51 812
10 64
10 160
51 184
50 397
51 10
51 190
50 383
10 174
10 58
51 379
50 618
10 389
50 156
51 345
51 423
50 630
51 437
50 624
50 142
51 351
50 817
10 438
50 195
51 386
10 362
10 410
10 376
50 181
51 392
50 778
51 219
51 231
50 744
51 557
50 750
51 543
51 225
50 44
50 963
50 50
50 78
50 787
51 594
50 793
51 580
10 202
51 769
50 208
51 755
50 546
50 220
50 234
51 741
50 552
50 585
51 782
50 591
50 590
51 783
50 584
51 797
50 553
51 740
50 547
51 754
50 209
51 768
51 581
50 792
10 203
10 217
50 79
51 595
50 786
50 51
50 45
50 962
51 542
50 751
51 224
51 230
51 556
50 745
51 218
50 779
10 411
51 393
50 180
10 377
10 363
51 387
50 194
10 405
10 439
50 816
50 625
50 143
51 344
50 157
50 631
51 422
50 619
10 388
51 378
10 175
50 382
51 191
10 59
51 11
50 396
51 185
10 161
51 39
10 149
50 5
10 65
51 813
10 71
51 807
50 341
51 152
51 634
50 427
51 620
50 433
50 355
51 608
50 369
10 187
50 370
51 163
51 605
50 416
51 611
50 402
50 364
51 177
51 639
10 97
10 83
50 358
51 34
10 144
10 68
10 150
51 20
10 178
51 822
10 54
51 836
51 188
50 614
51 407
51 361
50 172
10 385
10 391
51 375
50 166
50 600
51 413
50 628
51 349
10 420
10 346
10 352
50 833
50 827
10 408
51 573
50 760
51 215
51 201
51 567
50 774
51 229
50 748
10 232
50 48
10 226
50 947
50 60
50 74
50 953
51 598
50 204
50 562
51 771
50 576
51 765
50 238
51 759
50 589
50 588
51 758
50 239
51 764
50 577
50 211
50 205
51 770
50 563
51 599
50 946
50 61
10 227
50 49
10 233
50 749
51 228
51 200
50 775
51 566
50 761
51 214
50 198
10 409
50 826
50 832
10 353
10 421
10 347
50 629
50 167
51 374
10 390
51 412
50 601
51 406
50 615
10 384
50 173
51 360
10 41
51 837
51 189
10 179
10 55
51 823
51 21
10 151
50 9
51 35
10 69
10 82
50 359
10 96
51 638
50 403
51 610
51 176
50 365
51 162
50 371
10 186
50 417
50 367
51 174
10 190
51 612
50 415
10 184
50 373
51 160
51 148
50 429
10 153
51 23
51 809
51 37
10 147
50 398
10 43
51 835
10 57
51 821
50 603
51 410
10 392
51 376
50 165
51 362
50 171
10 386
50 617
51 404
50 159
51 438
10 437
50 818
10 351
10 345
10 423
50 824
10 379
50 830
50 777
51 202
51 216
51 570
50 763
51 558
10 225
10 231
50 950
50 788
10 219
50 77
50 63
50 213
50 575
51 766
50 561
51 772
50 207
50 549
51 798
50 548
51 773
50 560
50 206
50 212
51 767
50 574
50 62
50 945
50 789
50 951
50 76
10 218
10 224
51 559
51 217
50 762
51 571
50 776
51 565
51 203
50 831
50 825
51 388
10 344
10 422
50 819
10 436
10 350
51 439
50 158
10 387
51 363
51 405
50 616
51 411
50 602
50 164
51 377
10 393
51 820
10 56
50 399
51 834
10 42
51 36
51 22
10 152
51 808
10 95
50 428
51 149
10 81
50 414
51 161
10 185
10 191
51 175
50 366
50 400
51 613
50 438
10 85
51 159
10 91
50 404
51 617
51 171
50 362
10 195
10 181
51 165
50 376
50 410
51 603
10 46
51 824
10 156
51 26
51 32
10 142
51 818
10 397
50 160
51 373
51 415
50 606
51 401
50 612
50 174
51 367
10 383
10 368
50 821
50 835
51 398
10 354
10 432
50 809
10 340
51 549
51 207
50 772
51 561
50 766
51 575
51 213
50 72
50 955
50 941
50 66
10 208
10 220
50 969
10 234
50 558
51 763
50 570
50 216
50 202
51 777
50 564
51 788
51 789
50 203
50 565
51 776
50 571
51 762
50 217
10 235
10 221
50 968
10 209
50 67
50 73
50 954
51 574
50 767
51 212
51 206
51 560
50 773
51 548
10 427
10 341
10 355
10 433
50 834
51 399
10 369
50 820
50 613
51 400
10 382
51 366
50 175
51 372
50 161
51 414
50 149
51 428
10 143
51 33
51 819
51 27
10 157
50 388
51 825
10 53
51 831
10 47
50 377
51 164
10 180
50 411
51 616
50 405
10 194
50 363
51 170
51 158
10 90
10 84
50 439
50 349
51 628
10 86
50 413
51 600
10 182
51 166
50 375
51 172
50 361
10 196
50 407
51 614
51 827
10 51
51 199
51 19
10 169
51 833
10 45
10 141
10 155
51 25
10 79
50 639
50 177
51 364
10 380
51 402
50 611
51 416
50 605
10 394
50 163
51 370
50 188
10 419
50 836
50 822
10 343
10 425
10 431
10 357
50 759
51 238
51 210
50 765
51 576
50 771
51 204
50 65
50 942
51 589
50 956
50 71
10 237
50 59
10 223
51 748
50 229
51 774
50 567
50 201
50 215
51 760
50 573
50 599
50 214
50 572
51 761
50 566
51 775
50 200
50 228
51 749
10 222
50 58
50 957
50 70
50 64
50 943
50 770
51 205
51 211
51 577
51 239
50 758
10 430
10 342
10 424
50 823
50 189
50 837
10 418
50 604
51 417
51 371
50 162
10 395
10 381
51 365
50 176
50 610
51 403
50 638
51 359
51 24
10 154
10 78
10 140
51 30
10 168
10 44
51 832
10 50
51 826
51 198
10 197
50 360
51 173
51 615
50 406
51 601
50 412
50 374
51 167
10 183
10 87
51 629
10 93
50 348
51 666
50 475
51 94
50 313
51 100
51 80
50 307
51 114
51 672
50 461
50 449
51 128
10 127
51 57
51 43
10 133
10 37
51 841
51 699
10 23
51 302
50 111
50 677
51 464
10 480
10 494
50 663
51 470
51 316
50 105
50 893
51 458
50 887
50 139
10 325
10 443
50 878
10 331
10 319
50 688
50 850
50 844
10 292
51 276
51 510
50 703
51 504
50 717
10 286
51 538
10 251
50 918
10 245
51 289
50 924
50 930
50 17
10 279
50 501
51 712
50 515
51 706
50 529
50 298
50 299
50 528
51 707
50 514
51 713
50 500
50 266
50 931
50 16
51 288
50 925
10 244
10 250
50 919
51 539
50 716
51 505
10 287
51 263
51 277
10 293
50 702
51 511
50 845
50 851
50 689
10 456
50 879
10 330
10 324
50 886
50 138
51 459
50 892
50 662
10 495
50 104
51 317
50 110
51 303
10 481
51 465
50 676
10 22
51 698
51 840
10 36
10 132
51 42
51 56
10 126
51 129
50 448
51 115
50 306
51 81
50 460
51 673
50 474
51 667
51 101
50 312
51 95
51 671
50 462
51 83
50 304
51 117
51 97
50 310
51 103
50 476
50 338
51 659
51 40
10 130
10 124
51 54
10 20
51 68
10 118
51 842
10 34
50 489
51 315
50 106
10 497
50 660
51 473
50 674
51 467
10 483
51 301
50 112
50 884
50 890
50 648
10 454
10 326
10 468
50 847
51 498
50 853
10 285
51 507
50 714
51 513
50 700
10 291
51 275
50 728
51 249
10 246
50 28
10 252
50 14
50 927
10 508
50 516
51 705
50 264
50 502
51 711
51 739
50 258
51 8
51 9
50 259
51 738
50 265
51 710
50 503
51 704
50 517
10 509
50 926
50 15
50 932
10 253
50 29
10 247
51 248
50 729
50 701
51 512
51 274
10 290
10 284
51 260
50 715
51 506
50 852
51 499
10 469
10 441
10 327
10 455
50 649
50 891
50 885
10 482
51 466
50 675
50 113
51 300
50 107
51 314
51 472
50 661
10 496
10 119
51 69
50 488
10 35
51 843
10 21
51 55
10 125
10 131
51 41
51 658
50 339
50 311
51 96
50 477
51 664
50 463
50 305
51 82
50 329
51 86
51 112
50 301
50 467
51 674
50 473
51 660
51 92
51 106
50 315
51 79
10 25
50 498
51 847
10 31
51 45
10 135
10 19
10 121
51 51
50 881
50 659
50 895
10 492
51 476
50 665
51 310
50 117
51 304
51 462
50 671
10 486
51 489
50 842
50 856
10 479
10 451
10 337
10 9
10 323
10 445
51 258
50 739
50 711
51 502
51 264
10 280
51 270
50 705
51 516
50 936
50 11
50 922
10 243
50 39
10 257
50 249
51 728
51 700
50 513
51 714
50 507
50 506
51 715
50 260
50 512
51 701
50 248
10 256
50 38
50 923
50 937
50 10
10 295
51 517
50 704
51 503
50 710
10 281
51 265
51 259
10 322
10 8
10 444
10 450
10 336
10 478
50 857
51 305
50 116
50 670
51 463
50 664
51 477
10 493
51 339
50 894
51 50
10 120
10 134
51 44
10 18
51 846
51 78
10 108
10 24
51 661
50 472
51 107
51 93
50 300
51 113
51 87
51 675
50 466
51 649
51 139
50 458
51 91
51 105
50 316
50 470
51 663
51 677
51 85
51 111
50 302
51 844
10 26
51 688
10 122
51 52
51 46
10 136
50 128
51 449
51 461
50 672
10 485
50 114
51 307
51 313
10 491
51 475
50 666
50 855
10 308
50 699
50 841
10 446
50 869
10 320
10 334
10 452
51 529
50 706
51 515
10 297
51 273
51 267
10 283
50 712
51 501
50 921
10 268
51 298
50 12
50 935
10 254
10 240
50 909
50 538
50 262
51 717
51 703
50 510
50 276
50 289
50 288
50 511
51 702
50 277
50 263
51 716
50 539
10 241
10 255
50 13
51 299
50 934
10 269
10 282
51 266
51 500
50 713
51 514
50 707
51 272
10 296
51 528
10 335
10 453
50 868
10 447
10 321
50 840
50 698
51 312
50 667
10 490
10 484
50 673
51 460
51 306
50 115
50 897
50 129
10 137
51 47
51 53
10 123
51 689
10 27
10 33
51 676
50 465
50 303
51 110
51 84
50 317
51 104
51 662
50 471
50 459
51 138
