10 172
10 192
10 193
10 216
10 229
10 230
10 278
10 289
10 294
10 30
10 309
10 318
10 333
10 39
10 396
10 40
10 404
10 435
10 440
10 457
10 460
10 474
10 487
10 488
10 52
10 539
10 555
10 60
10 611
10 631
10 687
10 716
10 72
10 720
10 742
10 758
10 775
10 781
10 788
10 795
10 80
10 801
10 892
10 907
10 924
10 94
10 953
11 176
11 189
11 197
11 4
11 436
11 468
11 475
11 525
11 527
11 533
11 567
11 571
11 574
11 62
11 652
11 653
11 666
11 67
11 722
11 75
11 781
250 31
250 49
250 53
261 106
261 116
50 140
50 141
50 146
50 147
50 199
50 221
50 261
50 314
50 387
50 389
50 425
50 483
50 505
50 592
50 597
50 598
50 725
50 738
50 75
50 784
50 8
50 806
50 843
50 854
50 896
50 902
50 914
50 928
50 952
51 1
51 102
51 116
51 18
51 194
51 241
51 261
51 262
51 271
51 292
51 297
51 31
51 311
51 353
51 358
51 38
51 429
51 431
51 447
51 471
51 534
51 535
51 540
51 564
51 572
51 588
51 602
51 604
51 607
51 644
51 653
51 665
51 670
51 726
51 753
51 784
51 803
51 830
51 845
51 90
51 900
51 938
51 943
51 944
52 106
52 182
52 211
52 231
52 26
52 338
52 340
52 370
52 412
52 425
52 460
52 504
52 525
52 544
52 592
52 600
52 622
52 625
52 636
52 648
52 723
52 750
52 764
52 802
52 85
52 877
52 906
52 914
52 916
52 924
52 967
53 167
53 218
53 25
53 312
53 318
53 336
53 338
53 356
53 390
53 409
53 42
53 545
53 565
53 601
53 609
53 646
53 656
53 684
53 722
53 725
53 783
53 789
53 793
53 849
53 871
53 886
53 943
54 113
54 141
54 150
54 194
54 24
54 249
54 300
54 311
54 329
54 400
54 413
54 456
54 46
54 480
54 531
54 535
54 545
54 610
54 668
54 704
54 800
54 817
54 849
54 85
55 101
55 120
55 122
55 143
55 152
55 169
55 187
55 214
55 258
55 262
55 280
55 309
55 326
55 416
55 456
55 493
55 502
55 566
55 570
55 574
55 579
55 603
55 622
55 659
55 673
55 674
55 73
55 732
55 742
55 746
55 756
55 764
55 785
55 810
55 86
55 868
55 878
55 884
55 894
55 936
55 963
56 150
56 165
56 229
56 233
56 26
56 27
56 282
56 318
56 327
56 370
56 407
56 411
56 519
56 520
56 620
56 635
56 645
56 663
56 683
56 686
56 76
56 774
56 825
56 828
56 850
56 852
56 858
56 915
56 967
57 1
57 111
57 124
57 157
57 166
57 176
57 199
57 291
57 293
57 312
57 32
57 322
57 365
57 429
57 521
57 66
57 68
58 104
58 135
58 173
58 176
58 18
58 19
58 200
58 250
58 27
58 276
58 316
58 360
58 386
58 43
58 455
58 480
58 492
58 495
58 516
58 566
58 574
58 634
58 638
58 674
58 699
58 720
58 726
58 747
58 757
58 768
58 848
58 895
58 907
58 908
58 925
58 940
58 961
58 969
59 138
59 176
59 178
59 186
59 192
59 206
59 266
59 376
59 380
59 458
59 489
59 56
59 587
59 614
59 628
59 743
59 766
59 773
59 784
59 786
59 853
59 861
59 871
59 876
59 880
59 901
59 938
59 950
60 149
60 16
60 235
60 251
60 253
60 30
60 315
60 317
60 35
60 364
60 368
60 392
60 401
60 564
60 595
60 618
60 659
60 752
60 783
60 785
60 792
60 845
60 857
60 897
60 94
60 959
60 962
61 205
61 238
61 248
61 273
61 281
61 3
61 300
61 418
61 42
61 449
61 452
61 465
61 517
61 605
61 66
61 7
61 701
61 766
61 870
61 88
61 906
61 95
61 968
62 128
62 167
62 183
62 313
62 32
62 332
62 346
62 417
62 487
62 502
62 543
62 574
62 590
62 597
62 91
75 125
75 176
75 18
75 208
75 258
75 286
75 298
75 38
75 44
75 461
75 508
75 512
75 557
75 582
75 648
75 688
75 752
75 76
75 83
75 847
75 897
75 908
75 941
75 945
75 946
75 950
75 965
76 148
76 150
76 203
76 229
76 272
76 332
76 338
76 47
76 498
76 587
76 597
76 627
76 637
76 677
76 694
76 768
76 812
76 847
76 91
76 962
76 970
77 160
77 269
77 399
77 42
77 533
77 544
77 578
77 591
77 621
77 646
77 653
77 659
77 852
77 880
77 882
77 962
77 970
78 51
78 54
78 64
78 77
