1 655

1 1032

2 571

3 507

3 617

3 868

3 885

4 740

4 867

4 1099

4 1223

5 758

6 926

7 262

7 303

7 577

7 773


7 804

7 1016

8 528

8 1291

9 618


11 537


11 1124

12 195

12 747

12 800


13 42

13 307

13 511

13 799

14 612

14 1044

14 1101

15 19

15 1154

15 1246

16 213

16 486

16 674

16 1217

17 410

17 504

17 509

19 775

19 1069


21 678

21 765

23 385

23 1065

24 433

24 960

24 1093

24 1127

25 366

25 1054

25 1188

26 1106

27 385

27 1143

28 751

28 1001

28 1204

29 250

29 679

29 685

29 943

30 624

30 674

31 414

31 483

32 277

32 1115

33 439

33 780

33 933

33 998

34 555

34 892

34 948

35 438

35 681

35 819

35 1060

35 1227

37 50

37 450

37 475

37 544

37 549

37 554

37 842

37 994

37 1239

37 1266

38 860

38 1199

39 346

39 431

39 1153

40 757

41 757

41 820

41 1116

43 723

44 383

44 660

44 1048

45 507

45 957

45 1294

46 196

46 693

47 356

47 683

47 892

47 912

49 791

49 847

49 1113

50 135

51 1067

51 1120


53 285

55 410

55 670

55 1115

56 248

56 505

57 815

57 1121

58 1149

58 1276

59 407

59 773

59 1040

60 724

61 464

61 766

61 1205

63 743

64 1223

65 502

65 726

65 862

65 1236

65 1268

66 883

67 517

67 702

67 921

69 502

69 1097

69 1160

70 803

71 795

71 1274

72 563

72 879

73 295

73 478

73 637

73 1181

73 1193

74 425

74 1022

75 204

75 1246

76 408

76 1188

77 179

77 184

77 742

77 1004

77 1108

78 738

78 835

78 1014

78 1068

79 553

79 835

79 959

79 1147

79 1163

79 1287

80 835

80 836

80 1264

80 1265

81 308

81 445

81 461

81 592

81 650

82 475

82 955

82 1074

82 1101

83 355

83 1074

84 791

84 1291

85 684

85 1062

85 1134

85 1247

88 748

88 925

89 702

89 1117

89 1250

90 877

91 638

92 1040

92 1184

93 358

94 766

94 777

95 933

95 1124

96 1161

97 1012

97 1162

98 1098

99 137

99 1280

100 65

100 378

100 1072

100 1264

101 733

101 837

101 1031

101 1213

103 756

103 903

103 1039

103 1268

104 515

105 1062

105 1249

105 1287

106 339

106 564

106 693

107 759

107 998

107 1126

108 141

108 298

109 877

111 1241

112 419

113 636

113 950

113 1176

114 524

115 260

116 522

116 757

117 78

117 141

117 344

117 935

118 855

119 462

119 635

119 913

119 1039

119 1138

120 275

120 711

120 807

120 989

120 991

121 220

121 703

121 988

121 991

122 236

122 376

122 393

122 538

122 1111

123 447

124 576

124 594

124 620

124 774

125 62

125 952

125 1215

126 991

127 989

127 1104

128 988

128 1080

128 1153

129 302

129 437

129 1009

129 1023

129 1034

129 1152

129 1247

130 108

131 590

131 676

131 856

131 903

131 925

131 1149

131 1192

132 807

132 917

132 969

132 972

132 1149

133 309

133 871

135 415

135 691

137 98

137 931

137 1015

137 1144

138 700

139 669

140 403

141 1079

141 1097

141 1277

141 1289

143 799

143 886

144 930

144 969

144 1169

145 1145

146 1147

146 1189

146 1199

147 599

147 753

147 767

147 1199

148 101

148 305

148 640

148 782

148 886

148 1040

148 1142

148 1149

149 1034

150 1109

151 991

151 1175

152 486

152 606

152 766

152 1254

153 699

153 769

154 489

154 804

154 911

155 453

155 750

155 802

155 1118

156 631

156 1131

156 1207

157 558

160 254

161 1134

163 393

163 996

163 1193

163 1282

164 578

164 685

164 1255

164 1261

165 29

165 1032

167 184

167 980

168 1136


169 808

169 853

170 930

170 1222

171 612

171 922

171 987

173 339

173 717

173 950

173 1280

173 1291

175 93

175 627

176 693

176 1193

176 1211

177 160

177 1037

177 1044

177 1144

177 1158

178 371

178 1152

179 358

179 1152

179 1287

180 475

180 723

181 128

181 470

181 625

181 1016

181 1084

182 559

182 1216

182 1229

182 1248

183 1158

184 812

185 136

185 587

185 761

185 996

185 1169

186 760

186 1065

187 152

187 721

187 1268

188 839

188 1086

188 1227

188 1228

188 1229

188 1254

188 1275

189 689

189 815

189 844

189 1119

189 1122

189 1274

190 984

190 1103

190 1118

190 1294

191 988

191 1195

193 1080

193 1140

194 1101

194 1200

195 668

195 861

196 391

196 1135

196 1264

197 100

197 445

197 687

197 725

197 1244

198 716

198 909

198 1076

199 1046

200 525

201 687

201 843

202 483

203 785

203 1109

204 1087

204 1172

205 615

205 1292

206 423

207 1092

208 494

208 661

208 890

210 458

210 688

211 251

211 635

211 1010

211 1093

211 1095

211 1194

212 419

212 752

212 850

212 852

212 1089

212 1151

212 1247

213 131

213 465

213 826

215 347

215 833

215 1234

215 1236

216 819

216 960

216 1235

217 333

217 650

217 954

217 992

218 316

218 758

218 843

218 991

218 1010

219 595

219 1009

220 360

220 781

220 1009

220 1050

221 1044

221 1102

222 752

222 1173

223 474

223 846

223 889

223 1041

224 766

224 1085

225 452

225 759

225 1084

226 443

226 1272

227 482

227 822

228 998

229 4

229 1236

229 1240

231 638

231 912

232 748

232 1111

232 1194

233 1042

234 363

234 576

234 943

234 1168

235 658

235 765

235 1143

235 1184

236 365

236 1130

236 1191

237 60

238 961

238 1251

241 19

241 808

241 817

241 921

241 1045

242 864

243 649

243 743

243 753

243 757

243 801

243 1166

243 1178

244 753

244 1122

245 1153

246 704

246 855

247 187

247 1265

248 972

248 1279

249 346

249 834

250 365

250 631

250 1107

251 219

251 792

252 471

252 761

252 849

252 1230

253 570

253 955

254 664

254 1034

255 301

257 322

257 678

257 768

257 979

257 992

257 1290

258 769

258 992

258 1280

259 159

259 582

259 589

259 899

260 214

260 244

260 1038

260 1129

261 6

261 1153

262 884

263 804

264 741

265 579

265 1045

265 1287

266 502

266 720

266 1069

266 1070

266 1098

267 144

267 1016

268 781

268 896

268 960

269 1116

269 1267

270 1088

271 362

271 534

271 535

272 535

272 1186

273 673

273 923

273 939

273 941

273 1103

273 1270

274 1113

274 1167

275 539

275 613

275 953

275 1127

276 537

276 554

276 905

276 952

276 1135

277 193

277 491

277 846

277 986

277 1036

277 1256

277 1265

278 176

278 302

279 656

279 879

279 994

279 1048

279 1101

279 1178

281 230

281 861

281 1221

282 516

282 728

283 111

283 445

283 893

283 1161

283 1162

285 1196

286 793

287 831

288 759

288 1128

289 144

289 167

289 314

290 108

290 800

290 1218

291 706

291 1050

291 1241

293 116

293 886

294 432

294 638

294 761

295 26

295 432

296 893

297 474

297 591

297 878

299 1009

300 642

300 923

300 1151

301 924

302 548

302 560

303 710

303 773

303 1107

303 1150

304 302

305 788

305 852

305 1153

305 1163

306 405

306 1152

306 1187

307 848

307 882

307 1066

307 1245

308 794

309 475

309 1288

310 957

311 596

312 453

312 1272

313 297

313 900

313 1016

313 1019

313 1050

313 1156

314 695

314 1094

315 914

315 1213

316 95

316 839

316 1031

316 1093

317 231

317 733

318 812

318 857

319 988

319 1094

319 1158

320 68

320 636

321 753

321 1067

321 1103

322 173

322 391

322 887

322 1101

323 433

323 826

325 719

325 805

325 1267

326 540

327 36

328 1055

329 148

329 823

329 992

330 1249

331 32

331 489

331 490

331 644

331 1003

331 1005

331 1244

332 413

332 919

332 939

333 867

333 908

333 959

333 1183

333 1188

335 625

335 869

335 916

335 968

335 1209

337 153

337 979

339 947

340 591

340 1250

341 550

341 596

341 752

342 1120

343 15

343 1052

344 227

345 650

346 550

347 818

347 954

348 1140

348 1184

351 541

351 860

351 926

351 928

351 1017

351 1169

351 1293

352 1107

352 1184

352 1239

353 784

353 1153

354 938

354 988

354 1062

354 1067

355 263

355 647

355 829

355 1171

355 1282

356 976

357 655

357 903

358 804

359 134

359 203

359 839

359 864

359 885

359 887

359 943

359 1024

359 1187

360 1176

360 1225

360 1228

361 33

361 82

361 848

361 1221

362 506

362 955

362 995

363 221

363 464

363 857

363 1118

363 1204

363 1255

364 487

364 832

364 1059

365 632

365 739

365 1018

365 1209

366 1255

367 199

367 1146

368 270

368 624

369 105

369 586

369 1020

369 1065

371 594

372 499

372 711

372 842

372 983

372 1054

373 564

373 1289

374 621

375 319

375 456

375 698

375 767

375 1223

376 139

376 916

377 740

377 953

377 980

378 619

378 1177

379 58

379 988

380 910

381 348

381 1041

381 1050

381 1168

382 845

383 231

383 252

383 801

383 889

383 943

383 1038

384 118

384 378

384 1038

385 62

385 978

385 981

385 1079

386 254

387 463

387 523

387 1278

390 1295

391 567

392 1092

393 577

393 1069

395 738

397 843

397 1227

399 361

399 616

399 1038

399 1202

399 1208

400 546

400 677

400 896

400 1229

401 702

401 841

402 125

402 707

402 914

402 1201

403 545

403 876

403 894

403 907

403 1048

403 1063

403 1081

403 1083

403 1158

404 18

404 477

404 1132

404 1188

405 244

405 555

405 563

405 673

405 1165

409 1034

410 353

410 583

411 853

411 1173

412 424

412 1033

412 1062

413 171

413 803

413 975

413 1071

413 1273

414 338

414 847

415 587

415 847

415 916

415 1030

416 935

416 1200

416 1234

417 1253

418 135

418 563

418 796

418 1194

419 68

419 678

419 708

419 963

420 290

421 1263

422 699

423 439

423 720

423 1077

423 1087

423 1171

424 533

425 1016

425 1033

427 638

427 941

428 1221

429 975

429 1171

429 1220

430 581

430 975

430 1171

431 66

431 730

431 851

431 958

431 961

432 1107

433 1184

433 1229

434 148

435 66

435 562

436 28

436 512

436 1271

438 180

438 892

438 1043

438 1133

439 268

441 610

442 1150

443 566

444 762

445 477

445 1209

447 8

447 397

447 506

447 643

447 978

447 1282

448 255

448 325

448 717

448 734

449 812

449 991

449 1092

449 1117

450 105

450 176

450 1212

451 829

451 1100

452 850

453 1195

454 982

454 1002

454 1037

455 113

455 232

455 638

456 906

456 1095

457 489

457 1201

457 1205

458 207

458 1038

459 244

459 401

459 1001

459 1142

459 1223

460 1221

460 1237

461 110

461 625

461 952

461 1134

461 1203

462 641

462 845

463 608

464 1059

465 171

465 788

465 890

465 945

465 1075

465 1097

465 1219

467 473

467 745

467 770

467 1011

467 1098

468 982

469 154

469 606

470 153

471 579

471 580

471 667

471 1041

471 1151

471 1153

471 1229

472 303

472 536

472 1008

472 1151

474 345

474 513

474 855

474 1252

475 898

475 963

475 965

475 1251

476 402

476 1012

477 952

477 978

477 1183

477 1287

479 1163

480 378

480 914

480 1150

481 628

481 997

481 1259

482 1220

483 531

483 1119

484 499

484 1174

486 90

486 885

487 726

487 1082

488 680

488 1020

488 1137

489 1194

493 437

493 1159

493 1234

494 8

494 867

495 777

495 785

495 802

495 1138

495 1140

495 1151

495 1267

496 1233

497 152

497 573

498 1004

499 714

499 1157

500 120

500 201

500 1154

500 1259

501 730

501 1196

502 1209

503 497

503 770

503 1148

505 488

506 348

507 1144

508 306

508 1087

509 1136

509 1278

511 299

511 429

511 546

511 973

511 1265

513 482

513 1130

514 91

514 660

515 1215

517 90

517 1165

517 1240

518 762

519 608

520 795

520 1211

520 1212

520 1246

521 813

521 1131

523 1120

524 915

524 1152

525 89

525 92

526 391

526 849

526 1153

527 598

527 840

527 1084

527 1088

527 1242

529 689

530 690

531 20

531 25

532 1175

533 126

533 1212

534 1216

536 702

537 450

537 949

538 303

539 808

539 980

539 1084

539 1107

540 387

540 1052

541 41

541 96

541 655

542 691

542 762

542 851

542 1245

543 271

543 334

543 789

543 841

543 1024

543 1193

544 1046

544 1281

545 333

545 463

545 886

546 449

546 574

546 591

546 1050

546 1095

547 27

547 585

547 713

547 816

547 1157

547 1252

547 1281

548 964

548 1277

549 213

549 353

549 998

549 1283

550 1142

551 218

552 926

552 938

552 1163

553 930

553 1184

554 485

554 1280

555 96

555 236

555 1089

556 339

556 1023

557 34

557 191

557 933

557 991

559 163

559 480

559 805

559 981

560 1079

561 453

561 1288

562 1021

563 103

563 185

563 402

563 417

563 745

563 814

563 1123

564 1152

564 1227

565 8

566 956

567 895

567 1061

567 1074

567 1215

568 1010

569 1262

571 455

571 913

571 976

572 693

572 1145

573 61

573 754

573 879

573 1000

573 1087

574 1082

574 1119

575 826

575 1027

577 76

577 1106

579 1073

579 1219

579 1277

580 27

580 1130

581 237

581 1181

581 1209

582 845

582 983

583 389

583 1070

583 1147

584 5

584 459

585 289

585 820

585 982

585 1007

585 1144

585 1198

585 1224

587 1154

587 1222

588 40

588 1151

589 598

589 1132

590 747

591 172

591 722

591 752

591 936

591 942

591 1128

592 693

592 1059

592 1280

593 876

594 149

594 1077

595 12

595 251

595 826

595 987

595 1117

595 1163

596 349

596 1016

597 695

597 1093

597 1097

597 1103

597 1115

597 1258

598 148

598 203

599 631

599 719

600 569

600 1210

601 540

601 594

601 777

601 910

601 1163

602 1164

602 1196

603 691

604 319

605 342

605 720

605 721

605 722

605 927

605 1197

607 150

608 52

608 652

609 1216

610 857

611 302

611 763

611 1228

614 1189

614 1229

614 1248

615 442

615 1246

616 547

617 322

617 1280

618 357

619 902

620 359

620 531

621 416

621 864

621 1198

621 1250

622 902

623 85

623 1052

623 1136

624 87

624 98

624 567

624 800

624 1036

624 1268

626 25

626 625

626 794

627 537

627 759

628 287

628 862

628 1111

629 70

629 849

629 1101

630 1078

630 1264

631 2

631 1121

632 851

633 319

633 1073

633 1079

634 66

634 196

634 908

637 975

637 1006

637 1037

638 975

638 1021

638 1131

639 449

639 813

639 1027

639 1116

640 757

640 1285

641 27

641 1146

642 632

644 108

644 1157

645 76

645 101

645 1292

647 866

647 1090

647 1184

647 1188

649 1057

649 1059

649 1077

649 1286

651 640

652 155

652 886

653 155

653 931

653 1087

653 1102

654 542

654 1164

655 1074

656 1076

656 1275

657 72

657 104

657 238

657 697

657 838

658 961

658 1089

659 244

659 478

659 729

659 1209

660 769

660 936

662 1029

662 1220

663 1008

664 176

664 558

664 984

665 1068

665 1111

666 1027

666 1175

666 1255

668 71

668 1150

670 107

670 1225

671 6

671 306

671 460

671 1261

672 54

672 1073

672 1293

673 1096

673 1101

673 1288

674 172

674 1153

675 819

675 865

675 1105

676 381

677 555

677 1157

678 1099

678 1247

678 1258

679 721

679 783

681 297

681 450

681 701

681 905

681 987

681 1143

681 1247

681 1294

682 1117

682 1185

683 283

683 499

683 732

683 1173

685 1258

686 1175

688 1142

690 986

691 201

691 571

692 225

693 371

693 467

693 610

694 91

694 171

694 573

694 1053

694 1227

695 354

695 655

695 1215

696 484

696 825

696 1200

697 66

697 77

697 993

697 994

697 1206

698 912

699 1216

700 1192

701 162

701 1099

701 1197

702 1051

703 509

703 516

704 509

705 1277

708 1251

709 128

709 379

709 965

709 1015

709 1131

709 1237

710 1126

710 1132

711 377

711 709

711 1211

712 69

713 317

713 1188

714 473

714 1210

715 959

715 1162

716 146

716 365

717 115

719 1055

722 897

723 1069

723 1070

725 50

725 1040

725 1045

725 1237

725 1264

726 1238

726 1264

726 1285

727 129

727 434

727 553

727 711

727 987

727 1001

727 1126

727 1243

728 1213

729 91

729 297

729 756

729 1111

730 297

730 725

730 1276

731 292

731 298

731 1140

733 727

733 1259

734 1154

735 469

735 1155

735 1156

735 1271

737 265

737 1150

738 692

739 643

739 1168

739 1257

740 787

741 824

741 855

741 879

741 1144

741 1233

742 181

742 1267

743 492

743 704

743 1268

743 1279

744 105

744 167

744 1224

745 830

745 1086

746 1246

747 132

747 1044

749 41

749 1228

750 396

750 931

750 1129

751 265

751 765

751 887

752 579

752 636

753 937

753 1295

754 316

754 1275

754 1277

755 854

755 927

755 1274

757 681

757 902

757 1213

758 272

758 279

759 162

759 537

760 868

761 223

763 99

763 348

763 978

764 0

764 208

764 1293

765 987

765 1230

767 223

767 261

767 1225

767 1250

767 1272

770 321

771 999

772 1266

773 669

774 582

774 1186

775 433

775 1111

775 1228

776 155

776 1274

777 271

777 479

777 555

777 954

777 1000

777 1001

777 1215

778 493

778 863

779 558

779 864

779 1110

780 175

780 704

780 864

781 106

781 346

781 1172

781 1248

781 1249

781 1270

782 483

782 753

782 1092

782 1259

783 280

783 471

784 1186

785 512

785 693

785 808

785 1235

786 298

786 1003

786 1282

787 34

787 447

787 1244

789 36

789 259

789 968

789 1254

790 496

790 1118

791 832

791 1178

791 1182

791 1195

791 1212

792 403

792 547

792 1179

793 350

793 1060

793 1122

794 883

794 1232

795 1115

796 1175

797 506

797 1192

797 1272

798 159

799 77

799 572

799 1191

800 291

801 120

801 494

801 1207

803 244

803 660

803 1112

803 1225

803 1227

804 295

804 338

804 1093

804 1170

805 144

805 504

805 763

805 1121

806 296

806 297

806 503

807 333

807 820

807 1081

808 326

809 313

809 488

809 632

810 957

811 438

811 474

811 1055

811 1196

812 1093

813 137

813 471

813 472

813 871

813 954

813 1212

814 633

815 102

815 1258

817 1000

820 405

820 946

820 1241

821 220

821 638

821 979

821 1114

821 1165

821 1177

822 209

822 262

822 347

823 117

823 502

824 277

825 188

826 1250

827 115

827 170

829 129

829 407

829 725

829 906

829 920

829 992

829 1286

831 410

832 400

833 266

833 416

833 755

833 1151

834 778

835 275

835 354

835 1081

835 1155

835 1292

836 759

836 780

837 146

837 416

837 446

837 824

838 464

838 635

838 1075

839 5

839 618

839 863

839 1187

841 477

841 737

841 1264

842 49

842 1060

843 263

843 594

843 731

843 855

843 1174

844 496

845 645

845 935

845 964

845 995

846 534

846 1024

847 355

847 964